Line,Section,Block Number,Block Length (m),Block Grade (%),Speed Limit (Km/Hr),Underground,Crossing,Station,ELEVATION (M),CUMALTIVE ELEVATION (M),Connection 1,Connection 2,Switch Connection,Direction,X Coordinate,Y Coordinate
Yard,,,,,,,,,,,,,,,30,300
Green,A,1,100,0.5,55,,,,0.5,0.5,0,2,,2,60,20
Green,A,2,100,1,55,,,Pioneer,1,1.5,1,3,,3,100,60
Green,A,3,100,1.5,55,,,,1.5,3,2,4,,4,140,100
Green,B,4,100,2,55,,,,2,5,3,5,,5,240,160
Green,B,5,100,3,55,,,,3,8,4,6,8,6 8,340,200
Green,B,6,100,4,55,,,WiseCrack,4,12,5,7,,7,500,220
Green,C,7,100,5,55,,,,5,17,6,8,,8,640,200
Green,C,8,100,0,55,,,,0,17,7,9,,9,760,140
Green,C,9,100,-5,55,,,Edgebrook,-5,12,8,10,,10,600,100
Green,C,10,100,-4.5,55,,,,-4.5,7.5,9,11,,11,460,60
Green,C,11,100,-4,55,,,,-4,3.5,10,12,,12,320,40
Green,C,12,100,-3,55,,,,-3,0.5,11,0,,0,200,20
Red,D,13,100,3,40,TRUE,,,-2,0,0,14,,14,70,280
Red,D,14,100,1,40,TRUE,,,-2,0,13,15,,15,200,310
Red,D,15,100,0,40,TRUE,,,-2,0,14,16,,16,170,380
Red,D,16,100,2,40,TRUE,,,-2,0,15,0,,0,50,360